2017/10/17-23:26:33.810122 7f3a6215a700 RocksDB version: 5.8.0
2017/10/17-23:26:33.810158 7f3a6215a700 Git sha rocksdb_build_git_sha:@3fc08fa88e8608078cc013251509c7d79a14dd79@
2017/10/17-23:26:33.810161 7f3a6215a700 Compile date Sep 20 2017
2017/10/17-23:26:33.810162 7f3a6215a700 DB SUMMARY
2017/10/17-23:26:33.810225 7f3a6215a700 CURRENT file:  CURRENT
2017/10/17-23:26:33.810227 7f3a6215a700 IDENTITY file:  IDENTITY
2017/10/17-23:26:33.810232 7f3a6215a700 MANIFEST file:  MANIFEST-000086 size: 682 Bytes
2017/10/17-23:26:33.810234 7f3a6215a700 SST files in cmpe273assn1.db dir, Total Num: 7, files: 000019.sst 000022.sst 000025.sst 000028.sst 000034.sst 000054.sst 000071.sst 
2017/10/17-23:26:33.810236 7f3a6215a700 Write Ahead Log file in cmpe273assn1.db: 000087.log size: 94 ; 
2017/10/17-23:26:33.810238 7f3a6215a700                         Options.error_if_exists: 0
2017/10/17-23:26:33.810239 7f3a6215a700                       Options.create_if_missing: 1
2017/10/17-23:26:33.810240 7f3a6215a700                         Options.paranoid_checks: 1
2017/10/17-23:26:33.810241 7f3a6215a700                                     Options.env: 0x7f3a6323f680
2017/10/17-23:26:33.810242 7f3a6215a700                                Options.info_log: 0x7f3a5c017af0
2017/10/17-23:26:33.810243 7f3a6215a700                Options.max_file_opening_threads: 16
2017/10/17-23:26:33.810244 7f3a6215a700                              Options.statistics: (nil)
2017/10/17-23:26:33.810245 7f3a6215a700                               Options.use_fsync: 0
2017/10/17-23:26:33.810246 7f3a6215a700                       Options.max_log_file_size: 0
2017/10/17-23:26:33.810247 7f3a6215a700                  Options.max_manifest_file_size: 18446744073709551615
2017/10/17-23:26:33.810248 7f3a6215a700                   Options.log_file_time_to_roll: 0
2017/10/17-23:26:33.810249 7f3a6215a700                       Options.keep_log_file_num: 1000
2017/10/17-23:26:33.810250 7f3a6215a700                    Options.recycle_log_file_num: 0
2017/10/17-23:26:33.810251 7f3a6215a700                         Options.allow_fallocate: 1
2017/10/17-23:26:33.810252 7f3a6215a700                        Options.allow_mmap_reads: 0
2017/10/17-23:26:33.810253 7f3a6215a700                       Options.allow_mmap_writes: 0
2017/10/17-23:26:33.810253 7f3a6215a700                        Options.use_direct_reads: 0
2017/10/17-23:26:33.810254 7f3a6215a700                        Options.use_direct_io_for_flush_and_compaction: 0
2017/10/17-23:26:33.810255 7f3a6215a700          Options.create_missing_column_families: 0
2017/10/17-23:26:33.810256 7f3a6215a700                              Options.db_log_dir: 
2017/10/17-23:26:33.810257 7f3a6215a700                                 Options.wal_dir: cmpe273assn1.db
2017/10/17-23:26:33.810258 7f3a6215a700                Options.table_cache_numshardbits: 6
2017/10/17-23:26:33.810259 7f3a6215a700                      Options.max_subcompactions: 1
2017/10/17-23:26:33.810260 7f3a6215a700                  Options.max_background_flushes: -1
2017/10/17-23:26:33.810261 7f3a6215a700                         Options.WAL_ttl_seconds: 0
2017/10/17-23:26:33.810261 7f3a6215a700                       Options.WAL_size_limit_MB: 0
2017/10/17-23:26:33.810262 7f3a6215a700             Options.manifest_preallocation_size: 4194304
2017/10/17-23:26:33.810263 7f3a6215a700                     Options.is_fd_close_on_exec: 1
2017/10/17-23:26:33.810264 7f3a6215a700                   Options.advise_random_on_open: 1
2017/10/17-23:26:33.810265 7f3a6215a700                    Options.db_write_buffer_size: 0
2017/10/17-23:26:33.810266 7f3a6215a700                    Options.write_buffer_manager: 0x7f3a5c02c300
2017/10/17-23:26:33.810267 7f3a6215a700         Options.access_hint_on_compaction_start: 1
2017/10/17-23:26:33.810267 7f3a6215a700  Options.new_table_reader_for_compaction_inputs: 0
2017/10/17-23:26:33.810268 7f3a6215a700               Options.compaction_readahead_size: 0
2017/10/17-23:26:33.810269 7f3a6215a700           Options.random_access_max_buffer_size: 1048576
2017/10/17-23:26:33.810270 7f3a6215a700           Options.writable_file_max_buffer_size: 1048576
2017/10/17-23:26:33.810280 7f3a6215a700                      Options.use_adaptive_mutex: 0
2017/10/17-23:26:33.810281 7f3a6215a700                            Options.rate_limiter: (nil)
2017/10/17-23:26:33.810282 7f3a6215a700     Options.sst_file_manager.rate_bytes_per_sec: 0
2017/10/17-23:26:33.810283 7f3a6215a700                          Options.bytes_per_sync: 0
2017/10/17-23:26:33.810284 7f3a6215a700                      Options.wal_bytes_per_sync: 0
2017/10/17-23:26:33.810285 7f3a6215a700                       Options.wal_recovery_mode: 2
2017/10/17-23:26:33.810286 7f3a6215a700                  Options.enable_thread_tracking: 0
2017/10/17-23:26:33.810287 7f3a6215a700                  Options.enable_pipelined_write: 0
2017/10/17-23:26:33.810287 7f3a6215a700         Options.allow_concurrent_memtable_write: 1
2017/10/17-23:26:33.810288 7f3a6215a700      Options.enable_write_thread_adaptive_yield: 1
2017/10/17-23:26:33.810289 7f3a6215a700             Options.write_thread_max_yield_usec: 100
2017/10/17-23:26:33.810290 7f3a6215a700            Options.write_thread_slow_yield_usec: 3
2017/10/17-23:26:33.810291 7f3a6215a700                               Options.row_cache: None
2017/10/17-23:26:33.810292 7f3a6215a700                              Options.wal_filter: None
2017/10/17-23:26:33.810293 7f3a6215a700             Options.avoid_flush_during_recovery: 0
2017/10/17-23:26:33.810294 7f3a6215a700             Options.allow_ingest_behind: 0
2017/10/17-23:26:33.810294 7f3a6215a700             Options.concurrent_prepare: 0
2017/10/17-23:26:33.810295 7f3a6215a700             Options.manual_wal_flush: 0
2017/10/17-23:26:33.810296 7f3a6215a700             Options.seq_per_batch: 0
2017/10/17-23:26:33.810297 7f3a6215a700             Options.max_background_jobs: 2
2017/10/17-23:26:33.810298 7f3a6215a700             Options.max_background_compactions: -1
2017/10/17-23:26:33.810299 7f3a6215a700             Options.avoid_flush_during_shutdown: 0
2017/10/17-23:26:33.810300 7f3a6215a700             Options.delayed_write_rate : 16777216
2017/10/17-23:26:33.810301 7f3a6215a700             Options.max_total_wal_size: 0
2017/10/17-23:26:33.810302 7f3a6215a700             Options.delete_obsolete_files_period_micros: 21600000000
2017/10/17-23:26:33.810303 7f3a6215a700                   Options.stats_dump_period_sec: 600
2017/10/17-23:26:33.810304 7f3a6215a700                          Options.max_open_files: -1
2017/10/17-23:26:33.810305 7f3a6215a700 Compression algorithms supported:
2017/10/17-23:26:33.810306 7f3a6215a700 	Snappy supported: 0
2017/10/17-23:26:33.810307 7f3a6215a700 	Zlib supported: 0
2017/10/17-23:26:33.810308 7f3a6215a700 	Bzip supported: 0
2017/10/17-23:26:33.810308 7f3a6215a700 	LZ4 supported: 0
2017/10/17-23:26:33.810309 7f3a6215a700 	ZSTDNotFinal supported: 0
2017/10/17-23:26:33.810310 7f3a6215a700 	ZSTD supported: 0
2017/10/17-23:26:33.810313 7f3a6215a700 Fast CRC32 supported: Supported on x86Not supported on x86
2017/10/17-23:26:33.810403 7f3a6215a700 [/home/milind/rocksdb/db/version_set.cc:2720] Recovering from manifest file: MANIFEST-000086
2017/10/17-23:26:33.810449 7f3a6215a700 [/home/milind/rocksdb/db/column_family.cc:413] --------------- Options for column family [default]:
2017/10/17-23:26:33.810451 7f3a6215a700               Options.comparator: leveldb.BytewiseComparator
2017/10/17-23:26:33.810452 7f3a6215a700           Options.merge_operator: None
2017/10/17-23:26:33.810453 7f3a6215a700        Options.compaction_filter: None
2017/10/17-23:26:33.810454 7f3a6215a700        Options.compaction_filter_factory: None
2017/10/17-23:26:33.810455 7f3a6215a700         Options.memtable_factory: SkipListFactory
2017/10/17-23:26:33.810456 7f3a6215a700            Options.table_factory: BlockBasedTable
2017/10/17-23:26:33.810476 7f3a6215a700            table_factory options:   flush_block_policy_factory: FlushBlockBySizePolicyFactory (0x7f3a5c019b60)
  cache_index_and_filter_blocks: 0
  cache_index_and_filter_blocks_with_high_priority: 0
  pin_l0_filter_and_index_blocks_in_cache: 0
  index_type: 0
  hash_index_allow_collision: 1
  checksum: 1
  no_block_cache: 0
  block_cache: 0x7f3a5c008eb0
  block_cache_name: LRUCache
  block_cache_options:
    capacity : 8388608
    num_shard_bits : 4
    strict_capacity_limit : 0
    high_pri_pool_ratio: 0.000
  block_cache_compressed: (nil)
  persistent_cache: (nil)
  block_size: 4096
  block_size_deviation: 10
  block_restart_interval: 16
  index_block_restart_interval: 1
  filter_policy: nullptr
  whole_key_filtering: 1
  format_version: 2
2017/10/17-23:26:33.810487 7f3a6215a700        Options.write_buffer_size: 67108864
2017/10/17-23:26:33.810488 7f3a6215a700  Options.max_write_buffer_number: 2
2017/10/17-23:26:33.810490 7f3a6215a700          Options.compression: NoCompression
2017/10/17-23:26:33.810491 7f3a6215a700                  Options.bottommost_compression: Disabled
2017/10/17-23:26:33.810492 7f3a6215a700       Options.prefix_extractor: nullptr
2017/10/17-23:26:33.810493 7f3a6215a700   Options.memtable_insert_with_hint_prefix_extractor: nullptr
2017/10/17-23:26:33.810494 7f3a6215a700             Options.num_levels: 7
2017/10/17-23:26:33.810495 7f3a6215a700        Options.min_write_buffer_number_to_merge: 1
2017/10/17-23:26:33.810496 7f3a6215a700     Options.max_write_buffer_number_to_maintain: 0
2017/10/17-23:26:33.810497 7f3a6215a700            Options.compression_opts.window_bits: -14
2017/10/17-23:26:33.810498 7f3a6215a700                  Options.compression_opts.level: -1
2017/10/17-23:26:33.810498 7f3a6215a700               Options.compression_opts.strategy: 0
2017/10/17-23:26:33.810499 7f3a6215a700         Options.compression_opts.max_dict_bytes: 0
2017/10/17-23:26:33.810500 7f3a6215a700      Options.level0_file_num_compaction_trigger: 4
2017/10/17-23:26:33.810501 7f3a6215a700          Options.level0_slowdown_writes_trigger: 20
2017/10/17-23:26:33.810502 7f3a6215a700              Options.level0_stop_writes_trigger: 36
2017/10/17-23:26:33.810503 7f3a6215a700                   Options.target_file_size_base: 67108864
2017/10/17-23:26:33.810504 7f3a6215a700             Options.target_file_size_multiplier: 1
2017/10/17-23:26:33.810505 7f3a6215a700                Options.max_bytes_for_level_base: 268435456
2017/10/17-23:26:33.810506 7f3a6215a700 Options.level_compaction_dynamic_level_bytes: 0
2017/10/17-23:26:33.810507 7f3a6215a700          Options.max_bytes_for_level_multiplier: 10.000000
2017/10/17-23:26:33.810509 7f3a6215a700 Options.max_bytes_for_level_multiplier_addtl[0]: 1
2017/10/17-23:26:33.810510 7f3a6215a700 Options.max_bytes_for_level_multiplier_addtl[1]: 1
2017/10/17-23:26:33.810511 7f3a6215a700 Options.max_bytes_for_level_multiplier_addtl[2]: 1
2017/10/17-23:26:33.810512 7f3a6215a700 Options.max_bytes_for_level_multiplier_addtl[3]: 1
2017/10/17-23:26:33.810513 7f3a6215a700 Options.max_bytes_for_level_multiplier_addtl[4]: 1
2017/10/17-23:26:33.810514 7f3a6215a700 Options.max_bytes_for_level_multiplier_addtl[5]: 1
2017/10/17-23:26:33.810515 7f3a6215a700 Options.max_bytes_for_level_multiplier_addtl[6]: 1
2017/10/17-23:26:33.810515 7f3a6215a700       Options.max_sequential_skip_in_iterations: 8
2017/10/17-23:26:33.810516 7f3a6215a700                    Options.max_compaction_bytes: 1677721600
2017/10/17-23:26:33.810517 7f3a6215a700                        Options.arena_block_size: 8388608
2017/10/17-23:26:33.810518 7f3a6215a700   Options.soft_pending_compaction_bytes_limit: 68719476736
2017/10/17-23:26:33.810519 7f3a6215a700   Options.hard_pending_compaction_bytes_limit: 274877906944
2017/10/17-23:26:33.810520 7f3a6215a700       Options.rate_limit_delay_max_milliseconds: 100
2017/10/17-23:26:33.810521 7f3a6215a700                Options.disable_auto_compactions: 0
2017/10/17-23:26:33.810523 7f3a6215a700                        Options.compaction_style: kCompactionStyleLevel
2017/10/17-23:26:33.810524 7f3a6215a700                          Options.compaction_pri: kByCompensatedSize
2017/10/17-23:26:33.810525 7f3a6215a700 Options.compaction_options_universal.size_ratio: 1
2017/10/17-23:26:33.810526 7f3a6215a700 Options.compaction_options_universal.min_merge_width: 2
2017/10/17-23:26:33.810527 7f3a6215a700 Options.compaction_options_universal.max_merge_width: 4294967295
2017/10/17-23:26:33.810535 7f3a6215a700 Options.compaction_options_universal.max_size_amplification_percent: 200
2017/10/17-23:26:33.810536 7f3a6215a700 Options.compaction_options_universal.compression_size_percent: -1
2017/10/17-23:26:33.810537 7f3a6215a700 Options.compaction_options_universal.stop_style: kCompactionStopStyleTotalSize
2017/10/17-23:26:33.810538 7f3a6215a700 Options.compaction_options_fifo.max_table_files_size: 1073741824
2017/10/17-23:26:33.810539 7f3a6215a700 Options.compaction_options_fifo.allow_compaction: 0
2017/10/17-23:26:33.810540 7f3a6215a700 Options.compaction_options_fifo.ttl: 0
2017/10/17-23:26:33.810541 7f3a6215a700                   Options.table_properties_collectors: 
2017/10/17-23:26:33.810542 7f3a6215a700                   Options.inplace_update_support: 0
2017/10/17-23:26:33.810543 7f3a6215a700                 Options.inplace_update_num_locks: 10000
2017/10/17-23:26:33.810544 7f3a6215a700               Options.memtable_prefix_bloom_size_ratio: 0.000000
2017/10/17-23:26:33.810545 7f3a6215a700   Options.memtable_huge_page_size: 0
2017/10/17-23:26:33.810546 7f3a6215a700                           Options.bloom_locality: 0
2017/10/17-23:26:33.810547 7f3a6215a700                    Options.max_successive_merges: 0
2017/10/17-23:26:33.810548 7f3a6215a700                Options.optimize_filters_for_hits: 0
2017/10/17-23:26:33.810549 7f3a6215a700                Options.paranoid_file_checks: 0
2017/10/17-23:26:33.810550 7f3a6215a700                Options.force_consistency_checks: 0
2017/10/17-23:26:33.810550 7f3a6215a700                Options.report_bg_io_stats: 0
2017/10/17-23:26:33.811573 7f3a6215a700 [/home/milind/rocksdb/db/version_set.cc:2984] Recovered from manifest file:cmpe273assn1.db/MANIFEST-000086 succeeded,manifest_file_number is 86, next_file_number is 88, last_sequence is 7, log_number is 0,prev_log_number is 0,max_column_family is 0
2017/10/17-23:26:33.811578 7f3a6215a700 [/home/milind/rocksdb/db/version_set.cc:2992] Column family [default] (ID 0), log number is 85
2017/10/17-23:26:33.811655 7f3a6215a700 EVENT_LOG_v1 {"time_micros": 1508307993811650, "job": 1, "event": "recovery_started", "log_files": [87]}
2017/10/17-23:26:33.811658 7f3a6215a700 [/home/milind/rocksdb/db/db_impl_open.cc:506] Recovering log #87 mode 2
2017/10/17-23:26:33.811718 7f3a6215a700 [DEBUG] [/home/milind/rocksdb/db/db_impl_open.cc:847] [default] [WriteLevel0TableForRecovery] Level-0 table #88: started
2017/10/17-23:26:33.877742 7f3a6215a700 EVENT_LOG_v1 {"time_micros": 1508307993877730, "cf_name": "default", "job": 1, "event": "table_file_creation", "file_number": 88, "file_size": 996, "table_properties": {"data_size": 96, "index_size": 27, "filter_size": 0, "raw_key_size": 40, "raw_average_key_size": 40, "raw_value_size": 40, "raw_average_value_size": 40, "num_data_blocks": 1, "num_entries": 1, "filter_policy_name": "", "kDeletedKeys": "0", "kMergeOperands": "0"}}
2017/10/17-23:26:33.877766 7f3a6215a700 [DEBUG] [/home/milind/rocksdb/db/db_impl_open.cc:885] [default] [WriteLevel0TableForRecovery] Level-0 table #88: 996 bytes OK
2017/10/17-23:26:33.877805 7f3a6215a700 [/home/milind/rocksdb/db/version_set.cc:2506] Creating manifest 89
2017/10/17-23:26:33.927728 7f3a6215a700 EVENT_LOG_v1 {"time_micros": 1508307993927722, "job": 1, "event": "recovery_finished"}
2017/10/17-23:26:33.928004 7f3a6215a700 [DEBUG] [/home/milind/rocksdb/db/db_impl_files.cc:317] [JOB 2] Delete cmpe273assn1.db//MANIFEST-000086 type=3 #86 -- OK
2017/10/17-23:26:33.928053 7f3a6215a700 [DEBUG] [/home/milind/rocksdb/db/db_impl_files.cc:317] [JOB 2] Delete cmpe273assn1.db//000087.log type=0 #87 -- OK
2017/10/17-23:26:33.978340 7f3a6215a700 [/home/milind/rocksdb/db/db_impl_open.cc:1111] DB pointer 0x7f3a5c024920
2017/10/17-23:26:33.978495 7f3a61707700 [WARN] [/home/milind/rocksdb/db/db_impl.cc:430] ------- DUMPING STATS -------
2017/10/17-23:26:33.978521 7f3a61707700 [WARN] [/home/milind/rocksdb/db/db_impl.cc:431] 
** DB Stats **
Uptime(secs): 0.2 total, 0.2 interval
Cumulative writes: 0 writes, 0 keys, 0 commit groups, 0.0 writes per commit group, ingest: 0.00 GB, 0.00 MB/s
Cumulative WAL: 0 writes, 0 syncs, 0.00 writes per sync, written: 0.00 GB, 0.00 MB/s
Cumulative stall: 00:00:0.000 H:M:S, 0.0 percent
Interval writes: 0 writes, 0 keys, 0 commit groups, 0.0 writes per commit group, ingest: 0.00 MB, 0.00 MB/s
Interval WAL: 0 writes, 0 syncs, 0.00 writes per sync, written: 0.00 MB, 0.00 MB/s
Interval stall: 00:00:0.000 H:M:S, 0.0 percent

** Compaction Stats [default] **
Level    Files   Size     Score Read(GB)  Rn(GB) Rnp1(GB) Write(GB) Wnew(GB) Moved(GB) W-Amp Rd(MB/s) Wr(MB/s) Comp(sec) Comp(cnt) Avg(sec) KeyIn KeyDrop
----------------------------------------------------------------------------------------------------------------------------------------------------------
  L0      4/0    3.89 KB   1.0      0.0     0.0      0.0       0.0      0.0       0.0   1.0      0.0      0.0         0         1    0.066       0      0
  L1      4/0    3.89 KB   0.0      0.0     0.0      0.0       0.0      0.0       0.0   0.0      0.0      0.0         0         0    0.000       0      0
 Sum      8/0    7.78 KB   0.0      0.0     0.0      0.0       0.0      0.0       0.0   1.0      0.0      0.0         0         1    0.066       0      0
 Int      0/0    0.00 KB   0.0      0.0     0.0      0.0       0.0      0.0       0.0   1.0      0.0      0.0         0         1    0.066       0      0
Uptime(secs): 0.2 total, 0.2 interval
Flush(GB): cumulative 0.000, interval 0.000
AddFile(GB): cumulative 0.000, interval 0.000
AddFile(Total Files): cumulative 0, interval 0
AddFile(L0 Files): cumulative 0, interval 0
AddFile(Keys): cumulative 0, interval 0
Cumulative compaction: 0.00 GB write, 0.01 MB/s write, 0.00 GB read, 0.00 MB/s read, 0.1 seconds
Interval compaction: 0.00 GB write, 0.01 MB/s write, 0.00 GB read, 0.00 MB/s read, 0.1 seconds
Stalls(count): 0 level0_slowdown, 0 level0_slowdown_with_compaction, 0 level0_numfiles, 0 level0_numfiles_with_compaction, 0 stop for pending_compaction_bytes, 0 slowdown for pending_compaction_bytes, 0 memtable_compaction, 0 memtable_slowdown, interval 0 total count

** File Read Latency Histogram By Level [default] **

** Compaction Stats [default] **
Level    Files   Size     Score Read(GB)  Rn(GB) Rnp1(GB) Write(GB) Wnew(GB) Moved(GB) W-Amp Rd(MB/s) Wr(MB/s) Comp(sec) Comp(cnt) Avg(sec) KeyIn KeyDrop
----------------------------------------------------------------------------------------------------------------------------------------------------------
  L0      4/0    3.89 KB   1.0      0.0     0.0      0.0       0.0      0.0       0.0   1.0      0.0      0.0         0         1    0.066       0      0
  L1      4/0    3.89 KB   0.0      0.0     0.0      0.0       0.0      0.0       0.0   0.0      0.0      0.0         0         0    0.000       0      0
 Sum      8/0    7.78 KB   0.0      0.0     0.0      0.0       0.0      0.0       0.0   1.0      0.0      0.0         0         1    0.066       0      0
 Int      0/0    0.00 KB   0.0      0.0     0.0      0.0       0.0      0.0       0.0   0.0      0.0      0.0         0         0    0.000       0      0
Uptime(secs): 0.2 total, 0.0 interval
Flush(GB): cumulative 0.000, interval 0.000
AddFile(GB): cumulative 0.000, interval 0.000
AddFile(Total Files): cumulative 0, interval 0
AddFile(L0 Files): cumulative 0, interval 0
AddFile(Keys): cumulative 0, interval 0
Cumulative compaction: 0.00 GB write, 0.01 MB/s write, 0.00 GB read, 0.00 MB/s read, 0.1 seconds
Interval compaction: 0.00 GB write, 0.00 MB/s write, 0.00 GB read, 0.00 MB/s read, 0.0 seconds
Stalls(count): 0 level0_slowdown, 0 level0_slowdown_with_compaction, 0 level0_numfiles, 0 level0_numfiles_with_compaction, 0 stop for pending_compaction_bytes, 0 slowdown for pending_compaction_bytes, 0 memtable_compaction, 0 memtable_slowdown, interval 0 total count

** File Read Latency Histogram By Level [default] **
2017/10/17-23:26:33.997187 7f3a6215a700 [/home/milind/rocksdb/db/db_impl.cc:224] Shutdown: canceling all background work
2017/10/17-23:26:34.020087 7f3a61707700 (Original Log Time 2017/10/17-23:26:33.978568) [/home/milind/rocksdb/db/db_impl_compaction_flush.cc:1613] [default] Moving #71 to level-1 996 bytes
2017/10/17-23:26:34.020092 7f3a61707700 (Original Log Time 2017/10/17-23:26:34.020047) EVENT_LOG_v1 {"time_micros": 1508307994020039, "job": 3, "event": "trivial_move", "destination_level": 1, "files": 1, "total_files_size": 996}
2017/10/17-23:26:34.020094 7f3a61707700 (Original Log Time 2017/10/17-23:26:34.020062) [/home/milind/rocksdb/db/db_impl_compaction_flush.cc:1641] [default] Moved #1 files to level-1 996 bytes OK: base level 1 max bytes base 268435456 files[3 5 0 0 0 0 0] max score 0.75
2017/10/17-23:26:34.020474 7f3a6215a700 [/home/milind/rocksdb/db/db_impl.cc:354] Shutdown complete
